.Random.seed <-
c(403L, 21L, 531930637L, -1320436956L, 1962354442L, 43805301L, 
492378575L, 2079253206L, 2107197056L, -360724285L, 385066593L, 
-884900144L, -1024841682L, 1890590169L, 1536311787L, -456768422L, 
1746714140L, 28446495L, 1068917621L, -2128721396L, -1882960926L, 
949188797L, -805247177L, -33525794L, 780098840L, 1254125691L, 
297887257L, 510054056L, -1102644138L, -338667311L, -68582269L, 
1648699154L, -353811804L, -1937437081L, -1879015491L, 1413673268L, 
1532555930L, -1874956059L, 1021457023L, -1758528506L, 1429573520L, 
-2046037453L, 697608657L, -1553564800L, 916665950L, 1169452457L, 
-1714242469L, -1517968278L, 2066275596L, 376160079L, -1140409339L, 
-1439276356L, 560182162L, -1576734579L, -1407400249L, 69078958L, 
784906760L, 1381629451L, 596555497L, -909946440L, -1269502362L, 
-861246719L, -1552597613L, 229365314L, 2072070644L, -776555529L, 
243451885L, -1761566588L, 972928682L, -658215915L, -1012376401L, 
-2057071946L, 945770720L, -812786653L, 1691149121L, 1713499696L, 
462605390L, 1947616441L, 352272587L, -1862128262L, 1428516988L, 
61887679L, 1799365013L, -1252152916L, -217154686L, -623034019L, 
781582423L, -1709910210L, -1692295304L, 1917858907L, 2106246073L, 
-880639480L, 1884760246L, 128520177L, 1218525731L, -400739726L, 
-355424060L, 999636615L, 2045113949L, 1311643732L, -402396550L, 
-1406348859L, -1225096417L, 228208294L, 164970544L, 1584030419L, 
876910833L, -431905760L, -1522376002L, -1089583415L, 1011319931L, 
-1080968630L, 691699372L, 1052096943L, 2133430629L, -635289828L, 
1092363122L, 1651711981L, 301158439L, -2050963378L, -637735768L, 
-55377237L, -1114077239L, -526746664L, 2127710854L, -1381962911L, 
-1961169165L, -305647262L, 137113556L, 1960377047L, 90734797L, 
-1070335900L, 369677898L, 1743938485L, 272629519L, -57902058L, 
-326973760L, -2074009469L, 863706273L, 1957573264L, 1346548078L, 
1746218777L, 2081481643L, 117887386L, 1029432668L, 1765153887L, 
-1883265995L, -180690996L, -318956766L, 1737991549L, -1507547529L, 
-1522843746L, -632119720L, 429438907L, 2124667225L, 807228136L, 
298142486L, -1491313519L, -2002095805L, 1401478226L, -1272668444L, 
464636199L, -1632753283L, -435527564L, 1463485018L, -774926683L, 
814283967L, -1714045114L, 158514640L, 1009270771L, -2045761775L, 
-1127422144L, 956469022L, -261120023L, 362394907L, 740675370L, 
-1246904244L, -637384689L, -1812479163L, 2095703292L, -1944521902L, 
-784554803L, 773260423L, 488996718L, 2086588744L, 2017383755L, 
-407521111L, -734361096L, 404642086L, -87537087L, 442278867L, 
2059956610L, 762402228L, 531562807L, -62790611L, -1994968764L, 
1937901162L, -1319644971L, 1452129903L, -1002243210L, 1081773216L, 
534340963L, 426960385L, -1834523280L, 1661613326L, -1994246279L, 
1097041675L, -732764102L, 1309964092L, -1552173953L, -866834475L, 
1215056364L, 130607938L, -1453443939L, 2062822679L, 309273726L, 
-551068616L, 305740571L, -1826787207L, 586823880L, 1670582518L, 
-606047951L, -411903645L, 2061970226L, 1523754116L, 1340858567L, 
-566101091L, 1079852820L, 788985274L, 314925626L, 1645201648L, 
480010940L, -1917597164L, 347704514L, -2020583840L, 2143102332L, 
1195680976L, 1517884450L, 1512630440L, -1987846772L, -749977156L, 
158582834L, 565875520L, 844963508L, -454782648L, 837210810L, 
1499602704L, -1882316564L, -1689339820L, -1277901038L, 1907114400L, 
855500748L, -523722912L, 707742914L, -2018636248L, -295130708L, 
1470784316L, -485227662L, -1852600528L, -554360796L, 464969272L, 
-1712114982L, -1386186864L, 106271996L, 1365437844L, 327861058L, 
1923090944L, 449628220L, 1710056016L, 1082319010L, 677929800L, 
1532393996L, -769877284L, -1200279470L, 1037929600L, 1179830100L, 
-2028560408L, -1292504326L, 1374086992L, 1986659372L, 1406568820L, 
-259240302L, -471285152L, 1979527308L, -952250016L, 893532386L, 
1673833640L, -1940867380L, 956791292L, -1351341134L, -709098512L, 
1480131012L, 919747928L, 1959326074L, 1724019120L, 1795779004L, 
2102140500L, -1137428030L, 1522262816L, 672814012L, 491663440L, 
116825058L, -1497579672L, 546453324L, -1433080068L, 863299314L, 
544513280L, 112270452L, -1176105464L, 1678878138L, 7939536L, 
-1473632276L, 1927834516L, 1202194642L, 1992094816L, -139154100L, 
-1839115488L, 1734560386L, 1623183848L, 614964204L, -1349218756L, 
1149863538L, 996830064L, -1141068508L, -1594844616L, 1982284186L, 
-315626032L, -548518468L, 533507732L, -931368318L, -1989939776L, 
2032588604L, -1348124016L, 1854383906L, 1730397704L, -1468308724L, 
1533580188L, 241064978L, 562146176L, 1724312340L, -785697496L, 
748601402L, 694580176L, 1167751788L, -1337832396L, 18608274L, 
1743690080L, -529441460L, 1608496608L, -477520990L, 1996684200L, 
1380789388L, 225797052L, -2128964494L, 937109488L, 1120908356L, 
-1888901032L, 616583226L, 1324984432L, 1531645500L, -684554476L, 
1712024258L, 1275106016L, -109853572L, 1287072976L, 671581090L, 
-1740112344L, 1158402316L, -686508100L, 1758380338L, -1104013120L, 
558199348L, -1716966712L, -909176134L, 874781840L, -1918454036L, 
-225135020L, -2034698606L, 1646192416L, -78014516L, -831051552L, 
581738178L, -1351625688L, 192494508L, 357391036L, -188866062L, 
-7408080L, -512780380L, -1485319752L, -202986662L, 1288823952L, 
959994748L, 1436315412L, 1178185026L, 536383232L, 274463676L, 
-533958832L, -719146718L, 1653705288L, 1625069580L, 1014058076L, 
2096968146L, -1339492864L, -489967276L, 1658073320L, -465669894L, 
-1148848432L, -641160916L, 786090228L, 91364754L, -1082267296L, 
195553292L, -1836504352L, -1861897630L, 1266535080L, 1223526988L, 
732321660L, 78421298L, -608958864L, 129964868L, -696199208L, 
-1448333446L, 1040825904L, 993671100L, 797091412L, 1082431554L, 
523931808L, 1257434812L, -1197725232L, 264487778L, 1535910632L, 
1420366028L, 746099196L, 240876018L, 433425024L, 424957428L, 
2023425672L, -1839501510L, -2055769264L, 1540928620L, 1565067668L, 
817550418L, -1236497952L, -698147636L, -388371296L, -425585278L, 
-1818238744L, 1969397484L, 858316092L, -1840079758L, -1870286736L, 
1628162084L, -224179144L, -1163569382L, -851604272L, 1300797244L, 
-1035574869L, 1380440749L, -526991590L, -1572233256L, -1171313599L, 
-413918477L, -1491968748L, 637544610L, -1475746377L, 835680641L, 
1803304838L, -195301948L, -28029707L, 1949361503L, -693467208L, 
-1599919466L, -1523067741L, 84405861L, 178051970L, -828991248L, 
1921122457L, 916789387L, -1629765252L, -1431748694L, -721027105L, 
-2137100951L, 761975166L, 963772780L, 411597245L, -1729451385L, 
1700392560L, 1292317966L, 1616550459L, -904240867L, -1188359222L, 
336186600L, -495226927L, 1620574659L, -1191630140L, 981674354L, 
-909200313L, 43276305L, -1274625642L, -632974092L, 575528581L, 
1566029775L, -799410488L, -206246042L, 2107905427L, 1464919797L, 
-1340406062L, 125194528L, 563708169L, -1649334725L, -837092468L, 
-1714562534L, -301798769L, 6829529L, 992647790L, 1496336892L, 
2145250157L, -850709225L, -2087321376L, 547157694L, -2070301557L, 
90784525L, -2039880902L, 1099619192L, 1835510049L, 727941587L, 
-1152225036L, 1300386178L, -376581097L, -658619679L, -1252557786L, 
-656103132L, -182769195L, 120391039L, -129680360L, -794135754L, 
-859609661L, 1949436933L, 705152930L, 6423440L, -159267015L, 
599913451L, 2024801500L, -1943429878L, -1098595329L, 2141140553L, 
-1122860066L, -1913300084L, -2006762659L, 901811047L, 783909008L, 
-933126482L, -220349605L, -1077376195L, 204636586L, 573959752L, 
1488248433L, -1525497885L, -903615772L, -2052091374L, -1337031193L, 
1000608177L, 1728509942L, 161597972L, -922323675L, 1506092591L, 
-402127896L, -447032122L, -602967693L, 2136414677L, -1385435726L, 
-490568832L, -1284163735L, 1271946203L, 429490988L, 2009619770L, 
1079223279L, 1662760569L, -1539149554L, 1890660572L, 432047949L, 
2084243127L, -558545856L, -1513276130L, -345049109L, 667097965L, 
-1334486566L, -1310977128L, -534263295L, 416172979L, 1685801684L, 
2036513762L, -85545353L, -598657087L, -1536498362L, -1681591164L, 
-1465787851L, -106626529L, -1552870024L, -409488298L, 873900259L, 
1464917669L, 1077883714L, -1075529424L, 1566056793L, 712372939L, 
